b = 18.86321827771244
w = 3.4504409560874603
